11605
13397
15104
15786
16298
16725
19029
19968
20821
22613
23552
24490
25344
26282
27306
28160
28672
29098
29525
30976
32000
32768
33792
34560
35498
36437
37461
38400
39253
40192
41130
42069
42922
43946
44885
45824
46677
47530
48469
48981
49408
49920
50432
51200
52138
53077
53589
54016
54613
54954
55808
56320
56832
57344
57770
58197
58709
59648
61440
62293
63317
64256
65194
65877
66645
66986
67413
67925
68608
69632
70570
71594
72533
73301
74496
75434
76373
76714
77226
78336
79957
80981
82261
83541
84480
85674
86784
87722
89088
90112
90880
91477
91904
92245
92842
94805
96341
96938
97365
97877
98304
98901
99328
100352
100778
101034
101461
102485
103509
104448
105216
106240
107093
107946
108885
109909
110592
111786
112640
113578
114432
115370
116309
117162
118101
119040
119978
120917
121856
122794
123733
124672
125696
126634
127573
128341
129450
130218
131072
132010
132949
133802
134912
135936
140800
141824
142762
143786
144469
145408
146432
147370
148138
149248
150101
151978
153770
155648
156501
157525
158293
158805
159232
159744
160170
160682
161024
161450
161962
162560
162986
164096
164864
165888
166997
167680
168789
169728
170666
172032
172970
173909
174933
176042
177152
178176
182954
185514
