7936
9130
15360
19200
22698
24576
25685
26453
27306
28160
29098
30037
30976
32000
32768
33706
34560
35157
35498
35925
36437
36864
37461
37888
38400
39253
39680
40192
41216
41301
42069
42581
44885
45909
46677
47189
47530
47957
48469
49493
49920
50432
51456
52309
53248
53674
54101
54442
54954
55296
55893
56405
56832
57856
58709
59562
64000
66986
67498
68352
69802
70656
71765
72789
78165
79018
79957
80810
81834
82688
83712
84650
85589
88234
89173
90026
92416
96597
97450
97877
98304
98901
99328
99754
100096
100608
101034
101546
102058
102485
102912
103936
105984
106581
108885
111786
112213
112640
113066
113578
114005
114517
114944
115370
115882
116394
116736
117248
117674
118186
118698
119125
119552
119978
120405
120832
121344
121856
122282
122794
123306
123818
124330
124928
125866
126378
126464
126464
126464
126549
126549
126549
126634
126634
126720
138069
140714
142762
143274
144128
144384
144896
145408
145749
146090
146773
147200
147712
147968
148480
148736
149930
150869
151381
151808
152661
153002
155562
156074
156416
157184
157440
157610
157866
158720
159146
159744
160170
160512
160853
161536
161877
162304
162730
163242
164010
165546
165888
166229
166826
167082
167765
171861
172714
173397
174080
175018
176042
177066
178261
180138
183381
183893
183893
183893
183978
183978
183978
184064
184064
184149
184149
184234
184234
184234
184320
184320
184405
184405
184405
184490
184490
184490
184576
184576
184576
184661
184746
184746
184746
184832
184832
184832
184917
184917
185002
185002
185002
185002
185088
185088
185173
185173
185258
185258
